,Entropy,Energy,Contrast,Correlation,Homogeneity,MSE,PSNR,Security
0,8,0.01,10.75,-0.5,0.392,222,0.1,Strong
1,7.9999,0.01005,10.745,-0.495,0.3921,221,0.2,Strong
2,7.9998,0.0101,10.74,-0.49,0.3922,220,0.3,Strong
3,7.9997,0.01015,10.735,-0.485,0.3923,219,0.4,Strong
4,7.9996,0.0102,10.73,-0.48,0.3924,218,0.5,Strong
5,7.9995,0.01025,10.725,-0.475,0.3925,217,0.6,Strong
6,7.9994,0.0103,10.72,-0.47,0.3926,216,0.7,Strong
7,7.9993,0.01035,10.715,-0.465,0.3927,215,0.8,Strong
8,7.9992,0.0104,10.71,-0.46,0.3928,214,0.9,Strong
9,7.9991,0.01045,10.705,-0.455,0.3929,213,1,Strong
10,7.999,0.0105,10.7,-0.45,0.393,212,1.1,Strong
11,7.9989,0.01055,10.695,-0.445,0.3931,211,1.2,Strong
12,7.9988,0.0106,10.69,-0.44,0.3932,210,1.3,Strong
13,7.9987,0.01065,10.685,-0.435,0.3933,209,1.4,Strong
14,7.9986,0.0107,10.68,-0.43,0.3934,208,1.5,Strong
15,7.9985,0.01075,10.675,-0.425,0.3935,207,1.6,Strong
16,7.9984,0.0108,10.67,-0.42,0.3936,206,1.7,Strong
17,7.9983,0.01085,10.665,-0.415,0.3937,205,1.8,Strong
18,7.9982,0.0109,10.66,-0.41,0.3938,204,1.9,Strong
19,7.9981,0.01095,10.655,-0.405,0.3939,203,2,Strong
20,7.99,0.01505,10.245,0.0001,0.4021,121,10.2,Acceptable
21,7.9899,0.0151,10.24,0.00011,0.4022,120,10.3,Acceptable
22,7.9898,0.01515,10.235,0.00012,0.4023,119,10.4,Acceptable
23,7.9897,0.0152,10.23,0.00013,0.4024,118,10.5,Acceptable
24,7.9896,0.01525,10.225,0.00014,0.4025,117,10.6,Acceptable
25,7.9895,0.0153,10.22,0.00015,0.4026,116,10.7,Acceptable
26,7.9894,0.01535,10.215,0.00016,0.4027,115,10.8,Acceptable
27,7.9893,0.0154,10.21,0.00017,0.4028,114,10.9,Acceptable
28,7.9892,0.01545,10.205,0.00018,0.4029,113,11,Acceptable
29,7.9891,0.0155,10.2,0.00019,0.403,112,11.1,Acceptable
30,7.989,0.01555,10.195,0.0002,0.4031,111,11.2,Acceptable
31,7.9889,0.0156,10.19,0.00021,0.4032,110,11.3,Acceptable
32,7.9888,0.01565,10.185,0.00022,0.4033,109,11.4,Acceptable
33,7.9887,0.0157,10.18,0.00023,0.4034,108,11.5,Acceptable
34,7.9886,0.01575,10.175,0.00024,0.4035,107,11.6,Acceptable
35,7.9885,0.0158,10.17,0.00025,0.4036,106,11.7,Acceptable
36,7.9884,0.01585,10.165,0.00026,0.4037,105,11.8,Acceptable
37,7.9883,0.0159,10.16,0.00027,0.4038,103,11.9,Acceptable
38,7.9882,0.01595,10.155,0.00028,0.4039,102,12,Acceptable
39,7.9881,0.016,10.15,0.00029,0.404,101,12.1,Acceptable
40,7.9799,0.201,9.74,0.0012,0.4122,20,20.3,Weak
41,7.9798,0.02015,9.735,0.0013,0.4123,19,20.4,Weak
42,7.9797,0.0202,9.73,0.0014,0.4124,18,20.5,Weak
43,7.9796,0.02025,9.725,0.0015,0.4125,17,20.6,Weak
44,7.9795,0.0203,9.72,0.0016,0.4126,16,20.7,Weak
45,7.9794,0.02035,9.715,0.0017,0.4127,15,20.8,Weak
46,7.9793,0.0204,9.71,0.0018,0.4128,14,20.9,Weak
47,7.9792,0.02045,9.705,0.0019,0.4129,13,21,Weak
48,7.9791,0.0205,9.7,0.002,0.413,12,21.1,Weak
49,7.979,0.02055,9.695,0.0021,0.4131,11,21.2,Weak
50,7.9789,0.0206,9.69,0.0022,0.4132,10,21.3,Weak
51,7.9788,0.02065,9.685,0.0023,0.4133,9,21.4,Weak
52,7.9787,0.0207,9.68,0.0024,0.4134,8,21.5,Weak
53,7.9786,0.02075,9.675,0.0025,0.4135,7,21.6,Weak
54,7.9785,0.0208,9.67,0.0026,0.4136,6,21.7,Weak
55,7.9784,0.02085,9.665,0.0027,0.4137,5,21.8,Weak
56,7.9783,0.0209,9.66,0.0028,0.4138,4,21.9,Weak
57,7.9782,0.02095,9.655,0.0029,0.4139,3,22,Weak
58,7.9781,0.021,9.65,0.003,0.414,2,22.1,Weak
59,7.978,0.02105,9.645,0.031,0.4141,1,22.2,Weak
